=== **Filename: 01_5_075_561_pdf.pdf__page_2.png**


5 075 536  
S: 2 215,1

5 075 541  
S: 1 596,2

5 075 543  
S: 907,6

5 075 537  
S: 807,4

5 075 538  
S: 1 027,6

5 075 544  
S: 681,9

5 075 539  
S: 679,7

5 075 540  
S: 1 061,0

5 075 545  
S: 2 392,5

5 075 546  
S: 792,1

5 075 552  
S: 423,1

5 075 554  
S: 619,4

5 075 551  
S: 1 429,0

5 075 547  
S: 1 203,2

5 075 548  
S: 1 463,6

5 075 557  
S: 731,9

5 075 549  
S: 2 005,0

5 076 662  
S: 464,2

RUE PAQUETTE

5 076 667  
S: 962,0

5 076 672  
S: 7 078,2

5 076 668  
S: 1 337,7

5 075 559  
S: 465,9

5 075 567  
S: 514,6

5 075 570  
S: 449,4

5 075 569  
S: 423,2

5 075 568  
S: 397,2

5 075 563  
S: 397,6

5 076 670  
S: 640,3

5 075 561  
S: 1 127,9

ROUTE 247

5 393 792  
S: 281,9

5 393 783  
S: 182,4

5 393 794  
S: 110,4

5 393 795  
S: 179,8

5 075 562  
S: 185,5

5 076 675  
S: 3 160,6

5 393 833  
S: 2 609,4

5 075 550  
S: 3 330,8

RIVIÈRE TOMIFOBIA  
TERRITOIRE NON CADASTRE

5 075 680  
S: 220,0

Banque cadastrale officielle en date du 7 septembre 2022

